1413745271 351
1414380555 4160
1414386825 4176
1414685097 4197
1415348946 4280
1415391246 4314
1415397880 4360
1415562860 4419
1415565382 4386
1415574449 4391
1415576829 4391
1415583645 4434
1415584682 4458
1415586526 4476
1415588170 4481
1415591473 4535
1415594794 4545
1416321383 4630
1416347444 4595
1416350390 4625
1416353411 5073
1416387609 5159
1416499050 5183
1416503953 5254
1416507615 5445
1416580771 5412
1416668111 5373
1416668269 5382
1416668446 5416
1416673874 5321
1416695696 5367
1416702310 5328
1416771470 5335
1416781522 5305
1416782599 5306
1416820869 5366
1416863449 5366
1416879643 5378
1416886782 5376
1416888352 5365
1416891694 5382
1416896737 5384
1416897025 5365
1416965710 5489
1416996466 5604
1417037299 5598
1417044740 5644
1417047666 5643
1417053104 5697
1417072857 5751
1417084291 5805
1417085907 5761
1417112146 5748
1417117038 6079
1417121639 6079
1417134053 6101
1417135341 5833
1417136055 5812
1417137800 5813
1417139258 5818
1417144068 5823
1417145625 5820
1417150154 6009
1417150352 6357
1417150903 6357
1417152573 6359
1417153318 6285
1417153338 6306
1417155487 6318
1417189167 10302
1417193496 12518
1417197871 12521
1417205153 12522
1417209286 12514
1417210231 12514
1417211672 12532
1417217102 12554
1417218592 12556
1417219680 12557
1417221699 12527
1417221714 12527
1417222319 12527
1417223248 12527
1417223386 12535
1417224582 12542
1417224619 12543
1417225036 12543
